3.633333
7.5
14.333333
18.033333
22.166667
30.7
32.4
43.733333
47.766667
53.566667
62.4
65.166667
66.566667
69.533333
72.666667
81.033333
89
97.133333
104.633333
109.5
112.6
120.266667
126.333333
130.633333
139.9
141.233333
142.4
146.833333
149.833333
152.833333
158.466667
172.5
175.833333
178.033333
178.866667
183.966667
184.966667
195.066667
198
200.833333
204
206.433333
209.666667
217.4
220.633333
226
228.633333
232
235.633333
239.6
252.066667
252.7
253.2
253.7
257.033333
257.133333
257.2
257.3
257.8
258.033333
258.1
258.2
258.3
258.433333
258.5
258.6
258.7
258.8
258.933333
259
259.1
259.2
259.3
259.366667
259.433333
259.5
259.6
259.7
259.8
260.1
260.2
260.3
267.366667
267.8
267.866667
267.933333
268.2
